102282024CIC052024-02-28-12.43.48.772468             ;
3000102282024HNBPY                                   ;
400010011111000691108 00000105400 02292024022820247  ;
5000100100000105400   12003                          ;
700010000002000000105400                             ;
3000202282024HNBPY                                   ;
400020011111000629853  00000818425 0228202402282024E ;
5000200100000818425 010636                           ;
700020000002000000818425                             ;
3000302282024HNBPY                                   ;
700030000000000000000000                             ;
3008402282024HNBPY                                   ;
400040011111000455309  00000084700 0228202402282024E ;
5000400100000084700 1002                             ;
400840821111000498532 00001021980  0228202402282024E ;
5000400300004233900  033773                          ;
400040031111000614425  00004233900 0228202402282024E ;
5000400300004233900   047688                         ;
400040041112000660758 00000010000  0228202402282024E ;
5008408400000010000 337175                           ;
400040051111000645580 00000002500 0228202402282024E  ;
500040050000000250020051194                          ;
400040061111000264313 00000259200 0228202402282024E  ;
5000400600000259200 042533                           ;
400040871111000286489 00000054600 8228202482282024E  ;
5000400700000054600 043110                           ;
400040081111000385248 00000094800 0228202402282024E  ;
5000400800000094800 034657                           ;
400040091111000636523 00000161000 0228202402282024E  ;
5000400900000161000 808984                           ;
400040101111000510729  00000906100 0228202402282024E ;
5000401000000906100 096283                           ;
400040111111000690390 00000298000 0228202402282024E  ;
5000401100000298000 000213                           ;
400840121111000569323  00000993700 0228202402282024E ;
5000401200000993700 004343                           ;
400040131111000533090 00000280100 0228202402282024E  ;
5000401300000280100 015085                           ;
400040141111000394412 00000462000 0228202402282024E  ;
5008401400008462008 013259                           ;
700030000000000000000000                             ;